60.263, 13.198, 100
58.67, 14.407, 100
57.077, 15.617, 100
55.484, 16.826, 100
53.891, 18.035, 100
52.298, 19.244, 100
50.705, 20.454, 100
49.112, 21.663, 100
47.519, 22.872, 100
45.674, 23.332, 100
43.674, 23.332, 100
41.674, 23.332, 100
39.674, 23.332, 100
37.674, 23.332, 100
35.674, 23.332, 100
33.674, 23.332, 100
31.674, 23.332, 100
29.674, 23.332, 100
27.674, 23.332, 100
25.674, 23.332, 100
23.674, 23.332, 100
21.674, 23.332, 100
19.674, 23.332, 100
17.674, 23.332, 100
15.834, 23.618, 100
14.79, 25.324, 100
13.746, 27.03, 100
12.702, 28.736, 100
11.658, 30.442, 100
10.614, 32.148, 100
9.57, 33.854, 100
9.435, 35.819, 100
9.422, 37.819, 100
9.409, 39.819, 100
9.395, 41.819, 100
9.382, 43.819, 100
9.369, 45.819, 100
9.355, 47.819, 100
9.342, 49.818, 100
9.328, 51.818, 100
9.315, 53.818, 100
9.302, 55.818, 100
9.288, 57.818, 100
9.275, 59.818, 100
9.327, 61.466, 100
10.035, 59.595, 100
10.742, 57.724, 100
11.45, 55.853, 100
12.157, 53.983, 100
12.864, 52.112, 100
13.572, 50.241, 100
14.279, 48.37, 100
14.986, 46.5, 100
15.694, 44.629, 100
16.401, 42.758, 100
17.109, 40.888, 100
17.816, 39.017, 100
18.523, 37.146, 100
19.231, 35.275, 100
19.938, 33.405, 100
20.645, 31.534, 100
21.353, 29.663, 100
22.06, 27.792, 100
22.768, 25.922, 100
23.475, 24.051, 100
23.826, 25.174, 100
24.074, 27.159, 100
24.322, 29.143, 100
24.57, 31.128, 100
24.818, 33.112, 100
25.066, 35.097, 100
25.314, 37.081, 100
25.562, 39.066, 100
25.81, 41.051, 100
26.058, 43.035, 100
26.306, 45.02, 100
27.297, 44.839, 100
28.711, 43.425, 100
30.126, 42.011, 100
31.54, 40.597, 100
32.954, 39.183, 100
34.368, 37.768, 100
35.783, 36.354, 100
37.197, 34.94, 100
38.568, 35.151, 100
39.904, 36.639, 100
41.241, 38.127, 100
42.578, 39.614, 100
43.914, 41.102, 100
45.251, 42.59, 100
46.588, 44.078, 100
47.924, 45.565, 100
49.261, 47.053, 100
50.598, 48.541, 100
51.934, 50.028, 100
53.271, 51.516, 100
54.608, 53.004, 100
55.944, 54.492, 100
57.281, 55.979, 100
58.618, 57.467, 100
59.954, 58.955, 100
61.291, 60.442, 100
62.628, 61.93, 100
63.965, 63.418, 100
65.301, 64.906, 100
64.458, 63.956, 100
63.128, 62.462, 100
61.798, 60.968, 100
60.468, 59.474, 100
59.138, 57.98, 100
57.808, 56.487, 100
56.479, 54.993, 100
55.149, 53.499, 100
53.819, 52.005, 100
52.489, 50.511, 100
51.159, 49.018, 100
49.829, 47.524, 100
48.499, 46.03, 100
47.169, 44.536, 100
46.101, 42.94, 100
46.061, 40.94, 100
46.02, 38.941, 100
45.98, 36.941, 100
45.94, 34.942, 100
45.9, 32.942, 100
45.859, 30.942, 100
45.819, 28.943, 100
45.779, 26.943, 100
45.739, 24.944, 100
45.698, 22.944, 100
45.658, 20.944, 100
45.618, 18.945, 100
45.578, 16.945, 100
45.538, 14.946, 100
45.497, 12.946, 100
45.457, 10.946, 100
45.417, 8.947, 100
45.377, 6.947, 100
45.336, 4.948, 100
45.296, 2.948, 100
45.256, 0.948, 100
45.216, -1.051, 100
45.478, -3.033, 100
45.753, -5.014, 100
46.028, -6.995, 100
46.303, -8.976, 100
46.578, -10.957, 100
46.853, -12.938, 100
47.128, -14.919, 100
47.403, -16.9, 100
47.678, -18.881, 100
47.953, -20.862, 97.693
48.228, -22.843, 95.058
48.503, -24.824, 92.347
48.778, -26.805, 89.554
49.053, -28.786, 86.672
49.328, -30.767, 83.69
49.603, -32.748, 80.598
49.878, -34.729, 77.382
50.153, -36.71, 74.027
50.428, -38.691, 70.512
50.703, -40.672, 66.813
50.978, -42.653, 62.897
51.253, -44.634, 58.72
51.529, -46.615, 54.222
51.804, -48.596, 49.315
52.079, -50.577, 43.863
52.354, -52.558, 37.63
52.629, -54.539, 30.133
52.904, -56.52, 20
53.017, -57.336, 0
53.017, -57.336, 0
55.767, -77.146, 0
endData
127
100
200
60.263, 13.198, 53.588, 18.265, 53.588, 18.265, 46.913, 23.332
46.913, 23.332, 31.461, 23.332, 31.461, 23.332, 16.009, 23.332
16.009, 23.332, 12.728, 28.694, 12.728, 28.694, 9.447, 34.055
9.447, 34.055, 9.355, 47.846, 9.355, 47.846, 9.263, 61.636
9.263, 61.636, 16.448, 42.635, 16.448, 42.635, 23.633, 23.633
23.633, 23.633, 25.014, 34.687, 25.014, 34.687, 26.396, 45.74
26.396, 45.74, 32.108, 40.029, 32.108, 40.029, 37.819, 34.318
37.819, 34.318, 51.682, 49.748, 51.682, 49.748, 65.545, 65.177
65.545, 65.177, 55.827, 54.261, 55.827, 54.261, 46.109, 43.345
46.109, 43.345, 45.662, 21.106, 45.662, 21.106, 45.214, -1.133
45.214, -1.133, 49.115, -29.234, 49.115, -29.234, 53.017, -57.336
#PATH.JERRYIO-DATA {"appVersion":"0.8.4","format":"LemLib v0.5","gc":{"robotWidth":12,"robotHeight":12,"robotIsHolonomic":false,"showRobot":false,"uol":2.54,"pointDensity":2,"controlMagnetDistance":1.968503937007874,"fieldImage":{"displayName":"V5RC 2025 - High Stakes","signature":"V5RC 2025 - High Stakes","origin":{"__type":"built-in"}},"coordinateSystem":"VEX Gaming Positioning System"},"paths":[{"segments":[{"controls":[{"uid":"H8DwtGMWEw","x":60.263,"y":13.198,"lock":false,"visible":true,"heading":325,"__type":"end-point"},{"uid":"tbdBIGGxhq","x":46.913,"y":23.332,"lock":false,"visible":true,"heading":325,"__type":"end-point"}],"speedProfiles":[],"lookaheadKeyframes":[],"uid":"FiJmseI5LR"},{"controls":[{"uid":"tbdBIGGxhq","x":46.913,"y":23.332,"lock":false,"visible":true,"heading":325,"__type":"end-point"},{"uid":"cAfxhKhkZQ","x":16.009,"y":23.332,"lock":false,"visible":true,"heading":0,"__type":"end-point"}],"speedProfiles":[],"lookaheadKeyframes":[],"uid":"rLUWKUgbvn"},{"controls":[{"uid":"cAfxhKhkZQ","x":16.009,"y":23.332,"lock":false,"visible":true,"heading":0,"__type":"end-point"},{"uid":"GJRWFkgA30","x":9.447,"y":34.055,"lock":false,"visible":true,"heading":139.8,"__type":"end-point"}],"speedProfiles":[],"lookaheadKeyframes":[],"uid":"eHQMoRm1T1"},{"controls":[{"uid":"GJRWFkgA30","x":9.447,"y":34.055,"lock":false,"visible":true,"heading":139.8,"__type":"end-point"},{"uid":"4Arvb5tuYR","x":9.263,"y":61.636,"lock":false,"visible":true,"heading":179.5,"__type":"end-point"}],"speedProfiles":[],"lookaheadKeyframes":[],"uid":"nCmdPcx5XC"},{"controls":[{"uid":"4Arvb5tuYR","x":9.263,"y":61.636,"lock":false,"visible":true,"heading":179.5,"__type":"end-point"},{"uid":"rv3OoJfXu1","x":23.633,"y":23.633,"lock":false,"visible":true,"heading":144.4,"__type":"end-point"}],"speedProfiles":[],"lookaheadKeyframes":[],"uid":"NlRncC7kU8"},{"controls":[{"uid":"rv3OoJfXu1","x":23.633,"y":23.633,"lock":false,"visible":true,"heading":144.4,"__type":"end-point"},{"uid":"5vqR8rhjsz","x":26.396,"y":45.74,"lock":false,"visible":true,"heading":220,"__type":"end-point"}],"speedProfiles":[],"lookaheadKeyframes":[],"uid":"ve7DPNzPxE"},{"controls":[{"uid":"5vqR8rhjsz","x":26.396,"y":45.74,"lock":false,"visible":true,"heading":220,"__type":"end-point"},{"uid":"jc3SCJWTTT","x":37.819,"y":34.318,"lock":false,"visible":true,"heading":301,"__type":"end-point"}],"speedProfiles":[],"lookaheadKeyframes":[],"uid":"zgONPAkMVt"},{"controls":[{"uid":"jc3SCJWTTT","x":37.819,"y":34.318,"lock":false,"visible":true,"heading":301,"__type":"end-point"},{"uid":"400o3sotMN","x":65.545,"y":65.177,"lock":false,"visible":true,"heading":283,"__type":"end-point"}],"speedProfiles":[],"lookaheadKeyframes":[],"uid":"JdFxvkEFQK"},{"controls":[{"uid":"400o3sotMN","x":65.545,"y":65.177,"lock":false,"visible":true,"heading":283,"__type":"end-point"},{"uid":"zptU6XRMI5","x":46.109,"y":43.345,"lock":false,"visible":true,"heading":283,"__type":"end-point"}],"speedProfiles":[],"lookaheadKeyframes":[],"uid":"VrBMRUGqqM"},{"controls":[{"uid":"zptU6XRMI5","x":46.109,"y":43.345,"lock":false,"visible":true,"heading":283,"__type":"end-point"},{"uid":"R1F2TePLjJ","x":45.214,"y":-1.133,"lock":false,"visible":true,"heading":0,"__type":"end-point"}],"speedProfiles":[],"lookaheadKeyframes":[],"uid":"xjnTJcWJH0"},{"controls":[{"uid":"R1F2TePLjJ","x":45.214,"y":-1.133,"lock":false,"visible":true,"heading":0,"__type":"end-point"},{"uid":"Rh5JVtxQx2","x":53.017,"y":-57.336,"lock":false,"visible":true,"heading":348.5,"__type":"end-point"}],"speedProfiles":[],"lookaheadKeyframes":[],"uid":"ht72MmOmwz"}],"pc":{"speedLimit":{"minLimit":{"value":0,"label":"0"},"maxLimit":{"value":127,"label":"127"},"step":1,"from":20,"to":100},"bentRateApplicableRange":{"minLimit":{"value":0,"label":"0"},"maxLimit":{"value":1,"label":"1"},"step":0.001,"from":0,"to":0.1},"maxDecelerationRate":127},"name":"Path","uid":"PuRJn6sV8L","lock":false,"visible":true}]}